0
0
0
0
0
0
0
0
0
0
0
0
0
0
0
0
0
0
0
0
0
0
0
0
0
0
0
0
0
0
0
0
1
0
0
0
0
0
0
0
0
0
0
0
0
0
0
0
0
0
0
0
0
0
0
0
0
0
0
0
0
0
0
0
-3564
-7256
-8081
11212
-13034
8886
-16329
12712
14809
4902
-20021
12649
-1688
-10774
26550
-21841
19251
28168
14981
-8099
30433
-5158
23591
15669
-29688
3567
5912
-20106
-8022
-22072
7504
7079
24449
-28480
-18646
5413
1914
4038
-18775
18726
5592
-25902
28635
-11451
13550
-20689
-25786
195
-20116
31229
-3187
13842
10397
23182
-27704
-22430
23070
-5495
-26568
4406
-14351
-12322
18256
-32704
-26648
16139
5440
-2552
-17975
-16841
10358
-32737
-21056
27677
-24116
9698
26330
-14377
-12474
4878
-21058
-18181
-25432
5028
6100
24984
2366
-23836
8067
5643
9889
-31399
10830
-20289
10323
9292
