25817
-5176
-23801
10296
7156
20605
28483
-2602
-8756
-8663
-5095
-2471
-27135
29135
-1081
13111
-20934
-7398
-11311
-17958
19887
-1213
-14307
29336
16055
-6418
-3673
-32740
5467
28086
-21563
-11808
-3581
-1385
-23822
21810
-1242
16395
-4058
-4259
26890
792
31678
11294
-16745
22535
-23825
19332
-30183
23551
-9550
6649
-14027
13915
-13470
-16981
-13613
-4902
8134
25652
10771
21900
692
31655
15711
12709
1594
-7733
5234
15348
-4257
13477
-8068
-18862
-24229
12148
24906
-16206
9074
-16701
-19833
-31447
31827
14054
-27667
922
-8713
-10290
1951
2127
23829
-30463
-7797
-26560
12082
30976
-23876
-8647
10781
2814
-17442
25551
16
15797
4534
8471
29521
30397
24240
-20956
31848
23825
-13197
-24228
7639
11750
-8067
-6756
24672
-18738
-26909
-27874
-19737
-8155
17911
-27093
-22341
29397
-23001
11936
-11874
-31648
6321
4927
9769
-19429
2210
-15421
17375
9452
168
21697
29618
-8662
-12011
-16272
13861
-307
-7973
-30970
-12296
-4611
-31579
10779
4689
29657
-2333
-12868
22927
26014
19455
2618
32135
20481
32136
-17934
11875
19180
26480
19886
-1785
-7812
21083
-3326
-4612
-18106
26096
-26807
-23049
25591
7748
-28019
7894
-31169
-24768
-31437
-21434
16099
-32482
-19607
-2359
31070
28916
-5778
-15235
-26990
-16311
-19553
1603
-26919
-16733
30024
25745
-20364
30787
-22177
18105
-722
13531
22482
4038
-21929
-11963
-29966
3051
-10754
-12456
20302
18801
1167
-18747
-30282
22591
-9816
8699
-21071
-21792
32568
-28128
8205
5146
-6645
-6914
-12277
-25565
-13719
2084
21086
-22474
10298
17391
-30450
12264
-30372
14768
-23808
31467
22834
28634
-396
-23971
10421
1857
14639
-12125
-29293
-2984
31104
-1305
1979
-10357
-17646
-28919
6213
20378
-21898
20760
29817
24843
23193
25466
76
19862
-8453
13429
-1268
-2386
-27247
-13217
-30361
-23028
-21591
-18609
-30783
-10420
10356
-31386
20422
23959
-30607
-25452
-9120
83
-19320
-10509
30418
27099
-8168
10412
-10152
856
-26445
18538
27345
6278
4781
5459
5110
24231
32132
13710
-19034
-18069
-5375
10337
20125
-10012
5161
-14644
26234
2967
1809
-4690
12281
24461
-30629
-13167
-29556
-4751
-19568
5082
-9160
-5968
9554
-596
17605
-12351
-17848
-5068
-9415
-10403
-21038
6298
-9585
27599
-23647
-29313
-11568
25429
-6396
26593
31597
15485
-5363
6608
-27666
-31842
-10625
10595
-560
14927
-22909
-22672
-1315
-9210
13108
22704
15019
23183
8431
19602
8824
11727
-30351
23656
31304
20827
-6219
-12719
27228
-13504
-28223
5766
29675
5821
-13550
29279
-12249
-29140
15094
-10309
24717
-20796
20900
29694
7065
-11877
-6370
-19009
-24424
-19310
7903
-25665
24040
-4521
23398
-15185
29834
10361
-13193
31318
17375
-17788
-7382
-19617
18635
279
-18723
-14707
-17633
-29645
9682
19115
5187
-165
15543
24047
27209
16120
12254
20443
18979
17829
-3751
26823
31816
-17265
11981
18919
-8553
12770
16939
8412
15991
-30635
24600
-22053
-8589
-1386
3893
-17584
4570
-12811
-19667
-10719
6646
-28938
-18810
-2704
12117
29433
-25002
-26394
25213
14849
4776
-15210
-16664
-21661
-22845
29025
-9418
-30565
-5081
-22282
-15914
-28368
7024
18488
-9009
-3441
24050
9072
20460
16133
-31960
1735
-5062
-14658
-21274
-12679
-22605
-4670
15721
-28289
17498
-9694
4650
-26156
-28265
-27383
-10638
-23241
29377
31214
-1852
-22143
-27086
-28961
-29151
6022
-30883
