-30399
10965
772
12468
28614
24484
-31634
6112
-11045
-7610
-15128
6020
12993
20401
7221
-20985
-5325
29564
6286
-20017
28352
32436
26928
-22867
-2231
-27518
19807
-3485
26687
28514
31431
4968
-22537
-24014
11863
-17206
-31558
-18521
-9604
31289
-1804
13239
-23091
16221
24872
14722
-21208
1322
-2330
22766
-17356
22656
-23655
-14593
-4274
31987
-422
963
29161
-31049
1950
-20216
19544
-29009
-2604
7322
-3076
-7222
9705
-16042
4324
-9111
717
-15940
-21530
-21762
30404
8021
-18429
22746
14786
12720
-21924
-13782
3996
-24561
-27780
28167
-14028
-8010
-4846
-542
-25722
258
3869
28384
8105
14609
-127
-1888
3776
-29154
3839
-11279
-29500
-31095
30380
5348
-27319
-19822
-5946
-15623
-8910
-29511
-14355
4706
15433
-2875
30690
24991
29125
18564
-1370
24095
-10565
-8909
-13076
29465
20853
23678
-19164
26014
-25391
18516
-2098
-16188
-18851
-22461
9293
29954
1677
-23671
27933
-12850
-27193
-29981
15991
-24519
24905
-27408
-31134
21989
-23756
20557
-7898
14101
-24523
-29087
-25273
5850
20064
18871
18888
17543
-6185
-13502
16889
25919
15437
4346
27029
-26442
21665
14710
3173
3092
-17602
30457
-27585
-8671
31856
-12984
-30602
-2195
-20029
-25321
2487
14804
11023
-16323
-17060
10770
-30526
-18048
-9463
-2424
-9793
15117
-12318
32303
-28551
1709
-22007
-17726
25016
-5494
16287
-20236
24707
23994
-15320
-13826
27071
-142
16205
14643
-19734
-1073
6194
-12069
3739
6505
-22521
26906
14868
-3454
-30942
-17353
18078
-25381
1925
23240
-3610
-15547
4045
7001
-32713
-3115
18811
10232
27568
-23098
21959
-29409
-1180
14846
31689
-4952
-27315
-1704
791
-18416
24139
-11404
11723
5308
31498
24918
-31490
19862
1210
28327
-5477
29868
-31535
3217
-23618
-26591
-30041
-3749
20055
-21213
-20983
-22614
30052
5178
4531
-12178
13935
22942
14519
31354
11153
-27446
-15927
21200
-29471
-30165
23421
12423
15412
29209
1152
16239
11900
2026
27290
-13223
25944
17436
-1087
30217
27706
-6950
-1032
17889
3050
-22659
-19657
-3291
-22669
-10656
-31192
21486
30075
-29239
-29474
-16663
-30431
-9472
-1422
-8059
23820
-26465
26761
18188
21557
-21766
-9768
-22459
25296
-54
1645
-23619
-11556
29680
17689
-31526
-10509
-32140
9369
18297
24238
24470
-30784
-7591
24409
-7364
-10360
-26104
-31720
25929
-25065
-8278
-1929
28519
-25183
-436
-16260
-6463
13888
-26130
-12030
4361
-21056
-15560
-9321
-26706
-21446
8926
-32572
27677
188
32685
23475
12386
-32555
-23997
6748
-31044
-27152
22890
-27396
27519
-13365
8768
-26611
31789
29361
-18717
-11345
-12653
10430
-31015
9070
-17621
-8974
-9170
8571
-16969
-24762
12341
-18353
20199
20646
-3343
9655
23112
1504
-14294
-23965
-19635
-20377
-708
-24401
-21370
24596
-17790
22035
-19438
12513
13171
476
-26580
-18584
-10123
9292
-10519
32621
19772
-26302
7208
-4258
-22775
18736
-12121
-23665
13654
-7265
23869
5266
-10124
-10767
-31390
7022
-22387
29118
-1114
-22864
28809
-2683
5019
-19591
16272
-5441
13236
23926
5152
3194
27242
-26418
25582
-22194
18822
-5936
876
13238
-5476
9936
-20502
29685
-16476
11197
16242
-29119
-27945
-4173
14684
-12182
-10080
29301
23146
-1539
14022
32746
18354
29113
-7225
9054
29474
-25724
16708
23755
-2885
16813
-11067
27407
-9368
-15146
-32393
-16897
14485
-31492
-22972
25444
-5784
-18640
-32010
-32245
-8036
-25965
1941
